0000000011111111000000001111111100000000111111110000000011111111000000001111111100
0000111100001111000011110000111100001111000011110000111100001111000011110000111100
0011001100110011001100110011001100110011001100110011001100110011001100110011001100
0101010101010101010101010101010101010101010101010101010101010101010101010101010101
 
00000000 111 11 0000000011 11111 000000011111111 00000001 11 1  000000001111111100
00001111 000 11 0000111100 01111 000111100001111 00011110 00 1  000011110000111100
00110011 011 01 0011001100 10011 011001100110011 01100110 11 0  001100110011001100
01010101 101 10 0101010101 10101 101010101010101 10101010 01 1  010101010101010101
 
0000000000111111111122222222223333333333444444444455555555556666666666777777777788
0123456789012345678901234567890123456789012345678901234567890123456789012345678901
 
[8, 12, 15, 26, 32, 48, 57, 60, 62, 63]
[8, 12, 15, 26, 32, 48, 57, 60, 62, 63]
